3533.750826813973
3540.0934614175912
3526.5884708885433
3497.944275173988
3495.9849370857182
3489.0836900027953
2512.785367268647
3484.6494200622988
3459.3117108012957
2464.282479518064
3407.1501149409514
3397.292214732184
3389.3521350884553
3372.1411564241625
3354.877318593952
3344.955752418347
3347.268782154754
3339.1288335407644
3331.5282145666665
3312.5685171532255
3300.6444880474455
3295.6702275325315
3294.9976626342927
3289.299245814359
3283.0980268160097
3276.561758478116
3249.7092620294384
3225.6322848188684
3210.9470292435467
3179.941010862464
3150.0744806430775
3117.25599754105
3092.629539535292
3063.4950109461693
3055.120976263436
3040.1941181317534
3028.9105279269124
3019.982920924394
3007.305933964678
2992.093904184061
2984.0199921393196
2975.3401417510368
2934.6066841435154
1689.3261577135502
2873.1908891037046
2856.8864626846034
2829.822937894223
2798.2124875426
2769.7107549239736
2747.3888163165407
2086.6953511292745
2102.6523267205275
2080.4391543333672
2086.746267892243
2130.6489147011985
2111.2608590423397
2118.369046436206
2212.5634225355393
2234.833474150664
1351.6850727007084
2718.9719896037304
2316.230494607842
2362.671519693618
2386.1826613977723
2367.8378297146355
2323.4060896672963
2293.8390474207404
2213.220394998607
2141.905559184117
2071.7308677307906
2029.9163284989213
1996.1054112834327
1977.5120328632488
1788.5342309978653
1781.2478091558883
1758.1400800271715
1698.8589820221625
1637.5402314020378
1604.7508788710682
1570.7472191785916
1554.6553216384036
1465.3044122485387
1433.295687217075
1300.8421271470675
1264.9947249330573
1055.8695960686769
2091.6177427890416
3346.8075426192845
3456.6142675521164
3470.730503677607
3496.9043533222075
