3205.855476643815
3192.8283373301797
3196.4183331967424
3208.450080732741
3226.085735603624
3227.972971147414
3226.509757765667
3210.587395289913
3216.5792142974997
3224.647382457409
3231.385447353338
3256.367865574928
3266.445297651613
2443.373937053398
2447.2917060764503
3277.9766277181047
3283.7390921337505
3303.9296270886443
3305.3624605693285
2535.3142945328127
3367.1747625030875
3373.205572060168
2580.634982260087
3358.899809999789
3363.26261865034
2634.1270230547166
3370.2320319808023
3347.859899480569
3364.808113298918
3366.5538537218545
3361.4176504911793
3364.416886544532
3375.5486035100225
3377.0455440856376
3387.6736198294175
3380.5501252066088
3378.846168047503
3379.7833213312288
3376.863758338021
3370.0401142591973
3342.3643604246026
3334.406258505388
3328.2919311461046
3328.5338723782043
3334.4874497867595
3332.831113425451
3339.840839130717
3345.9007826101924
3357.3996589271464
3367.7301432986396
3366.244101975546
3372.944453705066
3373.5461467862756
3372.7320787910357
3366.2589838747454
3362.6578816101537
3367.110050282069
3379.065321382993
3376.666301123213
3369.911998010829
3371.8390244564025
3372.7698839464065
3363.4860461540857
3365.779031597796
3368.731971245144
3359.0913581466057
3526.0575146894907
3542.7454060420478
3354.376771100906
3353.926020249503
3346.797663586864
3163.664553151299
3540.0534068325624
3523.8640436714963
3529.6407460760915
3530.0410248855915
3334.7608891366917
3531.3704952053185
3548.7255432929337
3360.3782210794907
3556.175894655486
3293.811349047351
3389.449263271905
3395.308262162551
3392.3720794449464
3392.6512856440822
3401.402657615972
3407.6153900518075
3377.371086269093
3371.619590094122
3394.9318629978225
3401.292488289395
3397.1958455863924
3406.282370876281
3387.919990363981
3391.0237127405653
3374.8132414538495
3377.819663365093
3382.7425425935485
3389.1791282313816
3405.615248332969
3397.189322753651
3399.2365937470167
3400.8954008086475
3426.199172689796
3412.8932125607143
3420.578407040938
3428.078232220908
3434.7426606883455
3438.682697081024
3435.783735932755
3430.3393982250827
3425.3721023741027
3422.0774902838025
3411.763185665449
3407.2965148276458
3398.6948901977107
3395.163661812093
3402.689449096144
3401.6145810063435
3396.1405749962005
3383.509743294417
3378.8449385847207
3381.266146492895
3376.8457404021838
3379.015702111136
3376.0229497065393
3372.0778565326445
3374.1098695893306
3371.6573370772385
3377.9499638533757
3382.8418635830308
3386.540525344858
3399.0718249346264
3405.7227807823383
3406.544332554846
3414.3648596086305
3411.8291288948794
3408.5961079154017
3428.643879083679
3425.4481537362954
3416.876348720587
3419.8450977092025
3414.5028788154227
3412.5659587978494
3358.6114721761746
3363.8328926191516
3276.4127697401323
3273.8923567872685
