3002.10681259896
2941.009966996618
2919.8892426093257
2896.3817235464776
2947.3771452829524
2961.5767308234317
2586.675123434171
2513.6653879873907
2463.6874217285877
2470.5437452430997
2472.398923777691
2476.599905954107
2458.4542677224795
2504.078105283625
2468.2240908690615
2456.230058942295
2566.0324031736504
2598.40550036463
2612.1009222420525
2651.605558602494
2655.6031078723477
2624.201608721624
2714.103909842447
2731.0189324815374
3298.196007599647
3365.047010922137
3371.9513398960307
3358.113086404138
3297.132607928252
3277.978707795585
3271.3508910458013
3240.297448586972
3245.7190309329235
3254.1517789588793
3236.1181905756425
3187.3079529947754
3175.627657517122
3176.323137908811
2861.186927395267
3136.085063704065
3144.84368160117
3085.1193746902222
3101.6249086932266
3141.9724817708093
3141.386233575289
3192.210735491999
3209.797167423007
3219.9845255307773
3274.7366489777996
3291.3331247150577
3020.7903065815876
3404.5393956465587
3418.815104193763
3473.9939304395616
3478.1784731472258
3113.929306368176
3616.016031729786
3670.253301170443
3699.891594377215
3270.0605878245647
3274.0604848914563
3816.573832958106
3841.8079567408204
3294.6664744474047
3316.501783167559
3347.3770832891905
3369.757007130583
3946.9824901108136
4030.0940498565387
4078.587485852188
4013.080888746945
4073.926001575959
4106.057498614201
4134.014849682979
4172.767360543434
4175.275656284481
4216.605097235613
4253.979219394154
4276.573235794162
4311.285319828699
4340.325049934444
4363.689798898535
4417.820016865855
4440.2463911289115
4481.382779076298
4518.871417688183
4538.669693451058
4577.757377179109
4555.162993766791
4573.84638928003
4175.810467699315
4176.499902533002
4209.723534849527
4889.03385921508
4934.730821030144
4948.95824990265
4992.6168124206815
4342.077262961044
4379.660805647448
4414.803488042123
