3125.299437855644
3133.8481648603947
3185.399140183845
3174.227841522039
3202.2223375758945
3200.194859646441
3217.461671927108
3230.124164259185
3234.57670955681
3252.429483111268
3244.263616897112
3278.20602024379
3304.2962946048947
3390.0210976434796
3413.2841594315623
3388.610708066767
3427.5616589981687
3440.833336138792
3473.0547627507576
3500.68517254119
3513.5808054157314
3538.6412321730286
2598.1012048292423
3447.3936483308908
3445.7843785411396
3509.4167331638464
3505.6860993913615
3522.230694840235
3545.6682299435315
3482.2338449868303
3493.3434830221754
3499.7527533299303
3509.8729712332524
2451.6348881169647
3334.959430721621
3296.4038038466497
3320.737901129647
2555.6984053097476
3294.1183023579383
3296.7629664614064
3279.3111317451703
2540.0889379311907
3250.5017890853715
3247.063323605323
3203.656125395013
3175.6803052736173
3157.9677143159643
3137.8758110136455
3083.4232221875277
3049.4776496708146
3036.9198570802655
2986.0161778693937
2942.1443334712003
2913.544808670763
2887.869326762679
2832.332058626538
2788.6832647602696
2771.778628953931
2730.0887259916685
2810.900574935278
2803.97617349582
2773.908526599507
2773.1349664215722
2634.048094926514
2753.242138251485
2769.050451727085
2764.0041689985337
2753.6517938935167
2734.8870476804823
2718.9359006161485
2357.633771204385
2311.2540302940115
2274.270198815504
2172.659899875396
2194.1035311155697
2293.931475009891
2287.3097707774486
2272.300578509049
2259.152253964752
2265.2636461853745
2282.2342421373028
2253.5893937308747
1970.5266380696726
2378.97255929952
2276.0215083596054
2307.8591423206763
2368.931480476442
2458.3828621410785
2390.7147422216813
2374.7328934372467
2092.469856643538
2373.76288542414
2374.9230436148096
2323.186005997584
2321.9073182805178
2357.292838528102
2342.041872982604
2340.6803881681785
2351.924427226847
2331.899400165025
2331.203073345697
1561.1248339322706
1814.590700105087
1850.5528336341483
1861.6971777418564
1864.2373878136964
2211.787324081097
2161.242498413652
2182.7157194199967
2167.908404385681
2198.202154749825
2217.8083883399477
2231.9488933903367
2263.265241315248
2254.3308484018135
2258.4988052951003
2261.998722957392
2269.642591058404
2281.779631505687
2294.087723462778
2293.941560893649
2297.1166110439117
2301.4519149585567
2368.0809713151866
2373.9245817916176
2365.3460186724988
2370.186818359661
2359.0556279981242
2357.0001625636846
2372.7028633875575
2667.9173723403933
2721.744143157166
2726.7237280192676
2733.1516331908374
2735.3726573248523
2730.581749269821
2734.786358147705
2358.4955208753718
2353.744354079214
2349.847062818218
2346.8752878671803
2730.2625095332
2729.223691014506
2340.391578946491
2737.167752012043
2746.070148773947
2761.4350869104746
2372.68113027317
2402.6057761727457
2401.4604135772256
2376.2169646117463
2732.852102389699
2542.1590532427836
2643.5550290496208
2697.8427959305463
2661.6085751189366
2584.1401966227345
2561.110928750129
2478.2912988407015
2420.8154007522
2478.087879118261
2474.1359652214796
2488.5643377231795
2511.1899708847827
2563.812600590546
2605.9194548700407
2579.6889283476253
2402.15879088747
2417.826069135085
2725.5378063616563
2753.7666172447725
