2266.376839605123
2219.7416314896104
2213.6466321162734
2203.440747715041
2210.2061783450763
2219.3794780385692
1155.942263780524
2258.2626638661786
2305.743296244759
2310.401391684554
1211.041558976293
1248.5532411575798
1277.2572315192047
1221.8278156649299
1228.9139416451337
1284.3177809961617
1279.5667014377718
1248.1582629075804
1306.407431618936
1340.5219277306037
1359.4582567606526
1393.5888890561737
1409.8369971065727
1405.8008057895404
1404.6476362855647
1393.7888765367868
1417.0592389808153
1382.0575482822615
1389.8959285694552
2510.3669634940916
2513.811058311852
1433.5402661021144
1482.6591527924397
1576.3672795948592
1571.72190772544
1417.2399296678027
1493.13303591598
1553.098453232908
1548.6317094923174
2048.8032739214477
2093.2741434343015
2163.7979066895846
2375.888116905123
2414.7275881669157
4183.961184963988
4282.981945120256
