2109.670153028369
2116.946271785925
2104.4502572423526
2143.015723847338
2141.150744750645
2107.987612203842
2148.186573123777
2134.253977840496
2132.796494074148
2117.2005995732125
2138.7356249769764
2117.334675083492
2113.2404305543487
2119.3366133949658
2118.1973381493663
2110.3392718168934
2118.2952089127057
2111.3508491979123
2127.1679907293787
2135.830241001375
2145.2164478596396
2150.769255041549
2154.198002389945
2152.936298786104
2167.707561022875
2186.930588887798
2189.531209409969
2198.1118203388023
2289.0677693229995
2287.2911284719717
2280.558836172628
2279.5192249064044
2285.215291396422
2288.6850187390314
2291.645563008865
2292.5589943822015
2292.196895032897
2259.3859991539866
2246.4862922206416
2238.7763359015926
2237.747083513725
2244.816403563609
2258.1619474115687
2260.0713649938657
2264.1698515074836
2271.090732296912
2267.043765683919
2269.7408659832977
2267.422313846268
2265.5269519346357
2264.1420571114077
2261.540324272704
2260.855106379722
2258.5597940425287
2258.9435503875093
2254.6297617433725
2252.95725352459
2243.214099644383
2242.0306189514163
2246.210039636426
2247.391105761113
2242.7065347831385
2240.8604129119294
2241.9866865965014
2239.7167506498554
2233.6142312425122
2223.7763899033002
2221.4415619778747
2217.3810540051522
2198.1827993899183
2197.251512125905
2189.9365315669525
2189.3054452057463
2174.8644726236307
2172.0218180028314
2179.424962029289
2174.4786081956636
2169.451944158124
2176.198789397101
2191.803225516267
2182.446580979665
2171.2359580031084
2171.4918212082907
2190.3157471576965
2188.113925671495
2193.3106027419135
2178.114611781735
2167.213242474275
2178.0678060773434
2187.955258307177
2200.489888642647
2149.8228104952327
2126.1880015648035
2115.566528344115
2099.0221380284315
2096.099343114316
2100.8275716998614
2100.104528002603
2091.0645889437146
2088.3251008382326
2087.679587261672
2082.7412484971196
2075.3578600928417
2069.8619027177774
2068.1479847172236
2061.200095297723
2039.746820453835
2037.7710974986521
2059.8405080691127
2029.3087206019882
2025.0665311908824
1994.642777096825
1978.7010483729737
