3201.0442147528074
3215.4619234878232
3220.950912025679
3215.7730714663408
3133.375830065815
3097.314369142753
3103.049472728005
3122.677417945618
3248.910023723026
3239.1731963414813
3192.4157917013
3155.5078309786713
3149.1451909901116
1687.5175351671496
1650.4613867943035
1626.2632995329914
3093.035103969998
3140.229589055094
3144.862441655192
3164.1730494342755
3114.8682518022183
3079.762827536073
3060.675351067037
3060.336055262238
3089.8547945399887
1701.340666377771
3146.8367697702056
3147.387557341817
3093.0213529190714
3090.6818142051125
1572.606624342883
1579.5600989587654
1581.9330048499676
1592.9368779290762
1609.9583286462953
1603.8278319494011
1590.0884269176727
1604.1723197437432
1602.2514152405465
3129.23065601104
2490.9950880747965
3079.47150266249
1554.8893887872227
3017.7495038675424
3000.2508045863415
3002.2081293577103
3046.8892205980765
3143.310484857594
3156.4736210907436
1573.2435897261853
1558.1339639695884
1557.5675852551312
1575.042938992085
1593.1109866231702
1622.9275357370432
1648.290557245899
1639.409021232933
1605.3871562545867
1614.047929337214
1611.6245599982155
1577.26687909449
1548.84987651453
1525.762853075901
1483.6146516099552
1483.7277712123584
1475.923942680578
1497.4365264562439
1512.1419857292346
1550.2936394950234
1548.4687752951945
1543.923369957987
1510.6926061818458
2874.3179310576506
2432.7939530024246
2881.705403821176
2880.9893516976194
2927.648448056627
2923.450867869992
2872.751656240615
2872.0265406291965
2791.176593373223
1469.5825234155918
1396.0779845710445
1499.3042682576431
1490.2017750766381
