3998.3372591996385
3999.012670824145
3954.2090110512763
3962.340900388868
3279.2837131474016
3410.520188550048
3410.797664092901
3291.200046896986
3454.7958349987334
3427.983012856859
3291.394327742917
3467.8631030957868
3474.400911411992
3412.0750803629758
3408.0060031140847
3409.4292379651492
3401.9476527401466
3280.3982035410972
3383.7677819398987
3355.719284298786
3333.967860244028
3180.0193645982235
3293.6865208194395
2025.6450191774143
3209.2110602619164
3310.095214710459
3313.564649960748
3185.115017044729
3290.8914692082767
3285.045545861496
3147.8736670691665
3207.3435333574525
3235.3912712800225
3113.0209444910606
3201.502808879287
3219.095023848443
3028.733640747674
3176.647924425597
3167.6698647025823
2966.8993715361908
2952.6428727676694
1864.9743632915556
1851.8000846987197
2864.8761972003376
2781.834421699276
2677.9399432508653
2636.531720797112
2598.909430217046
2685.52623712524
2579.754240825956
2556.841124521224
2529.4709145518264
2500.086814153575
2491.9342434059085
2455.8342774464804
2443.6507552237917
2408.5702356900993
2365.704453429835
2347.2618972474406
2320.2925878073847
2296.523257569368
2250.2333755860764
2237.683310849652
2206.9874734906402
2192.059722973772
2174.9000188591126
2165.6530837458145
2158.224465332948
2162.321324981475
2158.3140533172527
2138.287794504241
2119.656269206469
2087.1127545242675
2051.3627922524015
1726.624387895082
1824.222962453477
1831.1243664842327
1794.117521205221
1789.8288518675533
1804.342169834575
1813.4465186820482
1710.0366810617404
1712.4660143401852
