4872.718220479021
4883.6243314535195
4879.798163844752
4876.542082485905
4854.888134237704
4845.224824554106
4833.279323332775
4814.304663148118
4794.163410848558
4798.823901912449
4766.99989770421
4746.018127322302
4735.1021071604155
4738.78847633668
4747.44602266511
4757.789578983884
4751.051413235993
4750.169250767866
4751.888524258268
4735.059156146185
4714.375645939041
4692.368621330028
4684.056808441331
4671.380048215242
4676.053154202399
4668.740832339368
4678.393242130799
4665.323943926229
4674.684480529999
4676.486795835476
4643.94430507581
4644.212159334122
4635.118552956501
4494.8480709741125
4608.778240190088
4618.291487402252
4598.571323578498
4594.70036169191
4582.690342999566
4416.260149267916
4539.808067511272
4534.910915078903
4523.465963274739
4508.284945346036
4489.004480918968
4480.287718315829
4473.832297578185
4461.364613083298
4443.6111347165315
4446.12407587437
4445.078527252059
4438.177991981798
4442.351682517556
4443.357186111146
4438.303730896582
4437.352373467926
4432.931976387248
4412.998207163123
4396.868814135129
4366.9333714480745
4328.98076921785
4302.58053369675
4277.905260730485
4254.970755209259
4236.783170072206
4214.1745527612275
4176.958558714005
4159.665723082819
4123.346897544348
4100.864928836178
4081.1736483806585
4055.3853207628777
4035.9356445084895
4019.3716430810473
4005.0557150511204
3990.8179474770523
3975.5260729121846
3972.6079559586747
3922.351935275201
3965.355947067482
3966.392230551849
3945.9565266274312
3934.749324966434
3922.355727554118
3929.6792173222793
3918.1931406240546
3886.426797309313
3865.980800111444
3837.7627153079056
3820.8769932404025
3805.367966594993
3790.212124223285
3777.7472866930966
3757.550035738682
3739.3125591123444
3713.9953509983848
3685.4520274552438
3656.8532479490095
3621.328712447562
3594.0075439429434
3573.9514409885555
3557.9447314373006
3543.9543609229386
3515.794774263678
3497.494408007488
3482.7611444382583
3464.7933512018253
3449.9733692021546
3209.54525312018
3436.773857719387
3434.1612815394096
3164.5944188650647
3415.2681355314794
3411.680907584143
3424.0149028965106
3422.3157802978503
3423.0166502956604
3400.229378550149
3397.239458916909
3118.9568931684066
3376.6774736385014
3382.0623331164684
3378.474846815723
3384.35853611098
3117.7522268603807
3377.3184480849673
3378.186741390802
3122.7368439764423
3394.416835894371
3395.5537009305062
3387.344472854385
3374.384831993604
3361.485689043495
3338.7486619167476
3332.6646658979253
3313.8997107742407
3309.2259927671375
3053.3119385443542
3332.258271127534
3337.1211758767977
3055.3921258522496
3345.0834454280975
3346.854260186509
3058.4031876834874
3351.337071300854
3351.647900971283
3064.7524871483633
3066.0776118119084
3064.4224789508926
3064.5076109466813
3066.2553815124684
3068.254931389196
3069.2263034276157
3073.052842947713
3077.6589401038386
3083.149916613226
3092.6880906513957
3092.341755183739
3090.7661849293368
3096.5295552224206
3098.267768014593
3105.661684901847
3104.0234499379458
3101.5018526624076
3097.5690005755773
3097.4243757476906
3099.211312003932
3097.2432684695573
3096.4367787628967
3096.2589937996117
3100.9989904188374
3149.890247549585
3165.8603201029073
3164.0853111303213
3120.3750899259885
3178.7010613374205
3181.6231414234107
3178.9919451180012
3178.9618781958216
3131.105818014673
3187.883510724808
3182.7454027694835
3123.607374547375
3189.274830326649
3185.4789628603403
3182.7521384320225
3176.7909994016472
3177.673874339712
3178.3858130988347
3189.6323700056037
3190.6971635181417
3153.938429004108
3173.494341122928
3190.5195852323586
3193.3951191531705
3192.0216036872885
3198.0199835953335
3201.0511726784757
3205.9092871824314
3209.684536867938
3210.213996562
3203.6371098498175
3207.919121364549
3220.914192847074
3216.008285146542
3216.0076082959267
3224.4882963018404
3229.307175924009
3243.481635689746
3254.9499938284694
3266.0546968630024
3276.1053960044674
3284.0077373146055
3291.0931912246174
3291.733191999944
3292.9547832285593
3287.511357059132
3283.16823400008
3283.486607777681
3285.0363977122115
2738.1745612777054
2751.102173574402
2755.695833527892
2747.3209637120754
2754.22585952558
2753.8559749594515
2756.449724709858
2778.2555636301404
3247.155005501562
3243.8318857024146
3246.0785284388644
3248.1586232644886
3246.746546771198
3240.7849791872895
3236.1262291796147
3235.3801370087767
3228.925472896105
3227.4675654393004
3226.284037641499
3212.3986527334264
3216.00398624694
3219.6920461548207
3216.3666215808626
3203.0708896308797
3201.790767423595
3204.151248596119
3182.160796645324
3188.3990577192135
3210.133530749173
3198.9010786327403
3244.967843739073
3242.457258608464
3195.8209042261115
3439.3411317726477
3489.2819872452947
3210.3459131669238
3195.7681955019784
3189.47495975548
3181.3250855681313
3236.2034257825017
3238.301936654624
3237.1314946942034
3244.413919136205
3222.250830573418
3225.5140756447986
3209.192954597212
3216.8307911556985
3223.8312553866376
3227.6234045623623
3226.6946746480285
3233.3816092581255
3227.566894935717
3226.966053744878
3227.7291015297496
3236.5026546124595
3238.4173968938208
3214.794812563837
3202.9890107407473
3160.7669739418484
3158.073471334409
2936.3342197638513
2912.133657912518
2892.7084139286044
2900.360093277648
2891.4314115589154
2920.228619236709
2910.858975340002
