4126.788113367751
4132.324475216605
4139.389237831875
4136.114951492624
4125.1202187947765
4108.839050579381
3976.6337403815805
4102.714711418085
4103.438821498131
4109.312346259124
4001.979434151661
2400.5885897773696
2614.5287304025715
4171.151974209529
4034.5568512681375
4002.2083008378277
3982.1257006470278
3987.174241671891
3986.095628265292
3976.6798373595066
3963.8397523389767
2332.446762306809
2324.2410468841585
2537.3339781163854
2524.1065231577063
2297.318341972067
2471.4806925829953
2460.5737423193923
2218.404696560401
2444.3216003795446
2423.8505956939775
2398.281127683489
2355.1473455976375
3878.8209185209134
3901.099231513451
3891.85932828689
3880.096024813079
2873.6877655567796
2851.1241764338015
2838.7113096798453
3696.9473700197545
3678.9320012523535
2847.779418054923
2864.5946672935806
2865.356010142454
2867.3646369942107
2855.6369591097773
2279.422110959257
2864.2854427106226
2866.660415828668
2305.886130754474
2344.808934793832
2928.3433079785236
2932.9884717313016
2942.6976320932877
2939.26886225081
2393.2653215860405
2949.9594744637693
2948.6534901527825
2424.3184292079577
2950.6427071265434
2965.6008042324547
2967.7307045269126
2968.579824006044
2966.6289588587506
2841.866256384584
2984.9419195485275
2988.6815653053654
2988.4370156621553
2980.0344294143842
2239.287843321873
2503.4924021319534
3017.534402886641
3005.2168637072828
2503.399040244148
2514.0805309707653
2316.0902733271228
2537.0858717521373
2528.2096149719073
2536.5141367942897
2354.2365069183807
2368.2107127211666
2358.143749978838
2357.880988517651
3100.4698734115127
3103.1431788869145
2380.8533500067565
2645.1977068443503
2659.6352052073744
2377.642680377867
2676.36505378204
2676.4396908078793
2402.6865852003402
2456.988580548407
3134.3191882370907
3138.6388016307783
2516.8968313971322
3156.9145009368476
3167.1618948252426
2532.1821361910615
3174.809374893697
3179.4749797154245
2534.1755866959647
3172.155589241199
2987.3189940177567
2994.245840595154
3001.0323159824547
3000.5582312922897
3005.378656992478
3005.187556810074
3011.418678556394
3279.751454893045
3285.714668157425
3293.7765404607385
3305.7307873971968
2733.784079279857
3316.31932201
3320.27271505945
2735.9872687053607
2747.096584835163
2754.249644777844
2867.5123466524287
2869.916369494722
2779.341996924215
2880.744192904952
2881.4148065127283
2802.973116622722
2882.5854479015884
2883.6740563245394
2809.0654149612365
2893.1081136748367
2905.178086917481
2835.332266376049
2917.977992865071
2908.9496023959236
2830.264244910926
2877.2489720867566
2837.803243514476
2811.2733504310777
2835.7345505943003
2375.3511831251517
2393.4364825507378
2399.779454735599
2378.964248296328
2382.2388844837687
2373.1176818853623
2368.4613398065903
2363.718473167227
2343.5887952144217
2349.4086616008535
2354.3187576505657
2351.6405196927126
2366.920615078704
2377.225602897006
2374.9512365926194
2361.652691207541
2359.4513757125583
2360.36042987169
2354.4525128825017
2620.998173786168
2596.3300993104103
2379.0901390348004
2568.864701995137
2563.7935884464127
2375.0876285513423
2402.683623532329
2400.777008602712
2399.7306444182905
828.740878192035
2413.054159156728
2422.5857449497057
2472.6251967934336
2483.350240927559
2486.981940915395
2498.3891886215424
2489.270638470736
2487.828347113027
2455.5814700555893
2458.4192851065864
2447.0135241181215
2446.45503214875
2437.890047112787
2461.7229670658094
2460.843348911254
2455.592415245504
2463.47841760538
2457.1086621579725
2456.557179067962
2455.8922063388977
2467.217589977583
2466.5467107608515
2475.046706016973
2498.6383142734835
2511.2573726259516
3628.7251769412915
3687.5115620043434
2632.1473332940222
2651.036237932175
3767.8945258678123
3740.8955340971434
3722.1349491213673
3777.737048201226
3803.6436075800443
3828.40961768748
3851.6195240984734
3869.56605686674
3886.3797099523717
3906.4123953270264
3937.8152266741054
3974.4299488247093
4001.4791462846683
4030.3690058086554
4052.1137005145956
4087.927035789168
4187.582256656499
4219.449850687829
4255.742536024964
4214.548348987173
4207.22628849717
4283.369405961179
4312.843358141514
4348.195280046281
4372.938324241878
4390.995110530282
4422.101641453353
