4516.31689251705
4488.117864894107
4445.611594123369
4416.418330480987
4391.017051467256
4366.418697804875
4346.795835946561
4334.785385128512
4326.416893405617
4290.763399640768
4267.761850633614
4252.787432197382
4252.345914586569
4236.350884196904
4222.344688806841
4273.600548068847
4226.759125820877
4222.060568511162
4249.656689805274
4254.521828955883
4203.732971871668
4176.5729060792255
4126.749933490922
4118.6817132797205
4108.378448850583
4094.663504562211
4077.3287064703054
4088.1771392148767
4078.7054181824033
4042.4528027214424
4086.34795474759
4079.5824945024997
4082.3026606102476
4067.4576888733163
3975.3965030613836
3993.0395874678625
4007.3587749261205
4000.266870424551
3989.7009223309847
3934.579694530332
3987.6316282664266
3972.478137561088
3953.295716503783
3967.9718347513544
3971.6541265669002
3976.717910345259
4046.207255690192
4017.337337168613
4011.2894310992924
3992.204969859876
3961.611953394905
3936.761807497748
3929.054471907953
3944.5573220277993
3872.329536310583
3855.444094670428
3855.682797688121
3865.5926312712027
3860.8657971261377
3827.1976001874136
3836.3129697194804
3813.8974606279003
3816.2706375366834
3760.3884338597272
3725.11760348238
3702.678731059088
3671.097231566731
3631.7530204178292
3602.8645253556356
3610.456076234678
3607.4175918663705
3582.936503759728
3548.1564836393895
3540.983085962368
3619.443631772447
3623.370127925668
3498.3023963299247
3598.686424192835
3602.3632024542703
3469.491504668492
3582.624088839242
3574.569541982276
3448.5865745426763
3554.518466766406
3537.5202864166877
3422.150687590998
3516.4123801106402
3498.369516106107
3392.053786886621
3376.227285502468
3359.382792142639
3364.9195125929555
3345.9945360606225
3330.891555819706
3321.341162217636
3308.7698874851744
3286.9206007993275
3286.4368102702924
3270.3738555363616
3209.6013013826523
3194.54882531189
3482.158378726811
3467.498235206026
