3062.199232739401
3070.830469766016
3091.0643458189825
3121.3892670453224
3140.2643385927568
2168.831134719333
3204.627700026123
3217.3038717348113
3238.2390105201707
3238.1236985881524
3232.778575068862
3235.885954719034
3246.521619648548
3259.107996753085
3265.3876208686797
3275.2888241946375
3293.673771013172
3294.914922942235
3295.7360112125853
2132.151356070818
3311.5483240049934
3318.224507445116
3311.5576732261725
3308.8458504016235
3303.9066918884705
3326.4458535280937
3346.4417051877003
3356.985596319098
3377.0892391355555
3386.0546391928992
3400.273918778357
3417.429022514285
3430.2158426221167
3319.094293013581
3299.794053513672
3292.249506006695
3481.8537816412922
3516.539626218343
3533.1062125133517
3555.3526893396484
3561.804011177432
3563.724523144647
3574.375774739672
3577.3654232949775
3591.3378104459593
3593.731204046439
3609.8629892244894
3770.555496934345
3866.5945188906308
3907.1049078083124
2218.4308671134468
2215.0148206779545
2210.692449250116
3722.8312378138353
3702.1415512175836
3695.515808161078
3680.939820397784
3660.4114446568196
3651.5254064079827
3617.5349203284177
3618.0414377680218
3612.574338511747
3628.362982815193
3625.341493879905
3670.756209791758
3623.5259135667784
3618.2514066812487
3617.260714915861
3612.2339759907973
3608.1025658775134
3595.3821681207583
3552.375724220397
3540.3032863010003
3553.1013916566126
3541.843116853124
3506.106853416292
3512.563349848657
3505.800681045477
3489.0059473627857
3510.178436756163
3487.113752054393
3449.4758350788566
3478.1342684504716
3435.733381213326
3418.4873773113923
3376.85537947952
3364.5533151241602
3111.4337741582976
3084.968681801663
2006.8189947577134
1982.8169554428264
3045.6388703895627
3075.612230119022
1999.7523815278196
3097.259526700466
3073.92763730288
3075.6246188964315
3097.791539734516
3093.5294391869825
3079.6428912884912
3075.1154839445817
3064.0934267937173
3054.03889610436
3026.594788998636
3010.753072325608
2999.6396323161553
2978.723024143391
2936.3790854838066
2912.514238762029
2923.1352212225784
2922.811987276812
2931.6118184746706
2955.693546160436
2962.5042325026475
2989.750697553886
2998.7539294019625
2969.9512513484897
2977.49554370264
2936.0784510140684
2936.248654852153
2901.1240697409194
2873.9205285841003
2851.20014683694
2831.1648300799143
2809.1486697474556
2791.351982215422
2746.627587275962
2717.104831102475
2717.466748071667
2748.212445313934
2702.5076960060733
2678.321031137786
2663.1350659678715
2638.135083662726
2603.927728947799
2555.0301400653643
2548.677980502528
2532.651811888475
2535.857127050429
2517.759957358962
2502.770589860894
2466.6504748009747
2445.4423402382913
2454.763479100533
2444.546434343174
2276.9289673290887
2303.856184059065
1473.5197684382258
